11 0.00078
12 0.0071
12.2 0.00039
13 0.0063
13.2 0.0016
14 0.026
14.2 0.0016
15 0.042
15.2 0.00039
16 0.049
16.3 0.00039
17 0.056
17.2 0.00039
17.3 0.00016
18 0.076
18.2 0.00039
18.3 0.0012
19 0.066
19.2 0.0031
20 0.049
20.2 0.014
20.3 0.00039
21 0.025
21.2 0.019
22 0.0071
22.2 0.040
23 0.001176
23.2 0.036
24.2 0.030
25 0.00039
25.2 0.033
26 0.00078
26.2 0.048
27.2 0.078
28.2 0.085
28.3 0.00039
29.2 0.073
30 0.00078
30.2 0.060
31.2 0.034
32 0.0020
32.2 0.0067
33 0.0043
33.2 0.0055
34 0.0024
34.2 0.00039
35 0.0020
36 0.00078
37 0.00039
38 0.00039
